-3.460999965667724609e+00 1.561200046539306641e+01 1.500399971008300781e+01
-6.140000224113464355e-01 1.413000011444091797e+01 1.699600028991699219e+01
-1.434000015258789062e+00 1.246000003814697266e+01 2.031699943542480469e+01
4.309999942779541016e-01 1.336100006103515625e+01 2.348299980163574219e+01
2.326999902725219727e+00 1.007699966430664062e+01 2.320400047302246094e+01
3.400000095367431641e+00 1.092599964141845703e+01 1.967799949645996094e+01
4.556000232696533203e+00 1.439700031280517578e+01 2.072900009155273438e+01
6.573999881744384766e+00 1.280700016021728516e+01 2.355699920654296875e+01
8.371000289916992188e+00 1.058199977874755859e+01 2.103499984741210938e+01
9.088000297546386719e+00 1.358100032806396484e+01 1.880900001525878906e+01
1.040600013732910156e+01 1.578899955749511719e+01 2.157299995422363281e+01
1.242399978637695312e+01 1.303100013732910156e+01 2.320000076293945312e+01
1.451900005340576172e+01 1.260400009155273438e+01 2.006599998474121094e+01
1.452400016784667969e+01 1.637299919128417969e+01 1.947800064086914062e+01
1.616200065612792969e+01 1.693300056457519531e+01 2.286800003051757812e+01
1.900300025939941406e+01 1.470199966430664062e+01 2.157099914550781250e+01
1.925200080871582031e+01 1.690800094604492188e+01 1.844300079345703125e+01
1.959799957275390625e+01 1.997100067138671875e+01 2.060400009155273438e+01
2.278300094604492188e+01 1.864999961853027344e+01 2.213899993896484375e+01
2.443899917602539062e+01 1.923600006103515625e+01 1.872800064086914062e+01
2.226000022888183594e+01 2.154999923706054688e+01 1.668199920654296875e+01
2.504199981689453125e+01 2.260300064086914062e+01 1.429599952697753906e+01
2.623900032043457031e+01 1.908600044250488281e+01 1.349300003051757812e+01
2.270899963378906250e+01 1.788500022888183594e+01 1.283600044250488281e+01
2.201600074768066406e+01 2.089599990844726562e+01 1.059899997711181641e+01
2.513599967956542969e+01 2.016900062561035156e+01 8.572999954223632812e+00
2.424600028991699219e+01 1.655900001525878906e+01 8.128000259399414062e+00
2.066300010681152344e+01 1.738400077819824219e+01 7.156000137329101562e+00
2.146699905395507812e+01 2.010000038146972656e+01 4.617000102996826172e+00
2.423699951171875000e+01 1.801700019836425781e+01 3.029999971389770508e+00
2.189999961853027344e+01 1.507900047302246094e+01 2.674000024795532227e+00
1.923500061035156250e+01 1.735700035095214844e+01 1.164999961853027344e+00
2.167099952697753906e+01 1.897500038146972656e+01 -1.282999992370605469e+00
2.318000030517578125e+01 1.565900039672851562e+01 -2.368000030517578125e+00
1.988699913024902344e+01 1.382699966430664062e+01 -2.693000078201293945e+00
1.802899932861328125e+01 1.670999908447265625e+01 -4.331999778747558594e+00
2.042200088500976562e+01 1.907600021362304688e+01 -6.144999980926513672e+00
1.765200042724609375e+01 2.145700073242187500e+01 -7.191999912261962891e+00
1.747999954223632812e+01 2.249099922180175781e+01 -3.552999973297119141e+00
2.107099914550781250e+01 2.370700073242187500e+01 -3.494999885559082031e+00
2.029400062561035156e+01 2.599200057983398438e+01 -6.407000064849853516e+00
1.777499961853027344e+01 2.792000007629394531e+01 -4.262000083923339844e+00
2.066500091552734375e+01 2.922500038146972656e+01 -2.119999885559082031e+00
2.276399993896484375e+01 3.198500061035156250e+01 -3.562999963760375977e+00
2.487800025939941406e+01 3.140999984741210938e+01 -3.160000145435333252e-01
2.561700057983398438e+01 2.780999946594238281e+01 -1.276999950408935547e+00
2.530599975585937500e+01 2.714900016784667969e+01 -4.959000110626220703e+00
2.910199928283691406e+01 2.749600028991699219e+01 -5.408999919891357422e+00
2.955599975585937500e+01 2.426899909973144531e+01 -3.463000059127807617e+00
3.036599922180175781e+01 2.137599945068359375e+01 -5.826000213623046875e+00
3.140699958801269531e+01 1.850000000000000000e+01 -3.529999971389770508e+00
3.035499954223632812e+01 1.698200035095214844e+01 -2.300000041723251343e-01
3.372999954223632812e+01 1.787500000000000000e+01 1.266000032424926758e+00
3.319499969482421875e+01 2.150900077819824219e+01 2.669999897480010986e-01
2.974500083923339844e+01 2.142900085449218750e+01 1.860000014305114746e+00
3.121699905395507812e+01 1.993300056457519531e+01 5.060999870300292969e+00
3.388100051879882812e+01 2.267799949645996094e+01 5.136000156402587891e+00
3.146199989318847656e+01 2.560499954223632812e+01 4.785999774932861328e+00
3.092099952697753906e+01 2.751000022888183594e+01 8.027999877929687500e+00
2.809600067138671875e+01 2.948100090026855469e+01 6.460000038146972656e+00
2.627400016784667969e+01 2.623200035095214844e+01 5.611000061035156250e+00
2.664800071716308594e+01 2.519300079345703125e+01 9.281999588012695312e+00
2.519599914550781250e+01 2.859099960327148438e+01 1.032199954986572266e+01
2.214100074768066406e+01 2.808900070190429688e+01 8.104000091552734375e+00
2.164500045776367188e+01 2.457999992370605469e+01 9.487000465393066406e+00
2.143400001525878906e+01 2.615900039672851562e+01 1.292099952697753906e+01
1.893899917602539062e+01 2.874799919128417969e+01 1.165499973297119141e+01
1.672400093078613281e+01 2.605299949645996094e+01 1.010900020599365234e+01
1.684900093078613281e+01 2.362500000000000000e+01 1.303899955749511719e+01
1.634300041198730469e+01 2.641600036621093750e+01 1.561499977111816406e+01
1.310700035095214844e+01 2.742399978637695312e+01 1.387199974060058594e+01
1.197200012207031250e+01 2.380800056457519531e+01 1.357900047302246094e+01
1.265999984741210938e+01 2.309900093078613281e+01 1.722999954223632812e+01
1.058800029754638672e+01 2.614399909973144531e+01 1.827300071716308594e+01
7.698999881744384766e+00 2.485199928283691406e+01 1.607500076293945312e+01
7.912000179290771484e+00 2.129199981689453125e+01 1.737500000000000000e+01
7.810999870300292969e+00 2.238100051879882812e+01 2.102099990844726562e+01
4.482999801635742188e+00 2.412400054931640625e+01 2.031599998474121094e+01
3.006999969482421875e+00 2.062800025939941406e+01 1.969400024414062500e+01
8.259999752044677734e-01 2.183799934387207031e+01 1.683300018310546875e+01
5.099999904632568359e-02 2.527000045776367188e+01 1.823200035095214844e+01
2.513999938964843750e+00 2.689299964904785156e+01 1.586600017547607422e+01
4.699999988079071045e-01 2.945100021362304688e+01 1.400100040435791016e+01
2.549999952316284180e+00 3.244699859619140625e+01 1.496599960327148438e+01
5.809999942779541016e+00 3.067799949645996094e+01 1.417899990081787109e+01
4.642000198364257812e+00 2.957299995422363281e+01 1.073700046539306641e+01
3.368999958038330078e+00 3.294400024414062500e+01 9.538000106811523438e+00
6.686999797821044922e+00 3.460200119018554688e+01 8.798000335693359375e+00
8.208000183105468750e+00 3.137899971008300781e+01 7.585000038146972656e+00
5.443999767303466797e+00 3.054999923706054688e+01 5.142000198364257812e+00
5.492000102996826172e+00 3.413299942016601562e+01 3.882999897003173828e+00
9.244999885559082031e+00 3.425000000000000000e+01 3.249000072479248047e+00
9.331999778747558594e+00 3.079899978637695312e+01 1.761999964714050293e+00
6.428999900817871094e+00 3.135499954223632812e+01 -6.079999804496765137e-01
7.176000118255615234e+00 3.488199996948242188e+01 -1.713000059127807617e+00
1.095899963378906250e+01 3.544400024414062500e+01 -1.378000020980834961e+00
1.282400035858154297e+01 3.218099975585937500e+01 -1.225000023841857910e+00
1.034300041198730469e+01 3.032699966430664062e+01 -3.448999881744384766e+00
1.056999969482421875e+01 2.691099929809570312e+01 -1.799000024795532227e+00
8.019000053405761719e+00 2.440999984741210938e+01 -3.085999965667724609e+00
6.203999996185302734e+00 2.221400070190429688e+01 -5.699999928474426270e-01
7.896999835968017578e+00 1.928499984741210938e+01 -2.312999963760375977e+00
1.126900005340576172e+01 2.066500091552734375e+01 -1.133000016212463379e+00
9.904000282287597656e+00 2.068199920654296875e+01 2.437999963760375977e+00
9.071999549865722656e+00 1.701600074768066406e+01 1.906000018119812012e+00
1.268599987030029297e+01 1.642300033569335938e+01 8.510000109672546387e-01
1.415200042724609375e+01 1.816399955749511719e+01 3.938999891281127930e+00
1.174499988555908203e+01 1.617099952697753906e+01 6.084000110626220703e+00
1.316399955749511719e+01 1.298099994659423828e+01 4.598000049591064453e+00
1.666600036621093750e+01 1.421000003814697266e+01 5.334000110626220703e+00
1.573700046539306641e+01 1.506900024414062500e+01 8.949000358581542969e+00
1.428299999237060547e+01 1.162699985504150391e+01 9.487000465393066406e+00
1.729800033569335938e+01 9.902999877929687500e+00 7.945000171661376953e+00
1.981599998474121094e+01 1.185099983215332031e+01 1.006299972534179688e+01
1.783600044250488281e+01 1.134000015258789062e+01 1.328699970245361328e+01
1.774699974060058594e+01 7.598999977111816406e+00 1.258899974822998047e+01
2.153100013732910156e+01 7.533999919891357422e+00 1.196000003814697266e+01
2.242000007629394531e+01 9.604999542236328125e+00 1.502099990844726562e+01
1.981500053405761719e+01 8.359000205993652344e+00 1.752799987792968750e+01
1.875300025939941406e+01 4.796000003814697266e+00 1.668799972534179688e+01
1.789299964904785156e+01 3.878000020980834961e+00 2.027000045776367188e+01
1.553499984741210938e+01 6.896999835968017578e+00 2.049900054931640625e+01
1.428400039672851562e+01 6.652999877929687500e+00 1.693799972534179688e+01
1.265499973297119141e+01 3.262000083923339844e+00 1.658600044250488281e+01
9.687000274658203125e+00 2.903000116348266602e+00 1.428400039672851562e+01
7.263999938964843750e+00 4.406000137329101562e+00 1.672400093078613281e+01
9.335000038146972656e+00 7.574999809265136719e+00 1.698200035095214844e+01
9.937000274658203125e+00 7.607999801635742188e+00 1.319799995422363281e+01
6.235000133514404297e+00 7.484000205993652344e+00 1.263700008392333984e+01
5.535999774932861328e+00 1.025000000000000000e+01 1.513300037384033203e+01
8.234000205993652344e+00 1.249400043487548828e+01 1.363700008392333984e+01
6.885000228881835938e+00 1.186600017547607422e+01 1.016199970245361328e+01
3.430999994277954102e+00 1.297999954223632812e+01 1.145400047302246094e+01
4.905000209808349609e+00 1.612500000000000000e+01 1.302600002288818359e+01
6.691999912261962891e+00 1.704899978637695312e+01 9.831000328063964844e+00
3.532999992370605469e+00 1.629800033569335938e+01 7.806000232696533203e+00
1.603999972343444824e+00 1.865500068664550781e+01 1.006999969482421875e+01
4.245999813079833984e+00 2.133099937438964844e+01 9.437000274658203125e+00
3.961999893188476562e+00 2.084300041198730469e+01 5.711999893188476562e+00
1.490000039339065552e-01 2.079500007629394531e+01 5.756999969482421875e+00
-4.999999888241291046e-03 2.407399940490722656e+01 7.565000057220458984e+00
2.582999944686889648e+00 2.577700042724609375e+01 5.412000179290771484e+00
7.850000262260437012e-01 2.445000076293945312e+01 2.302999973297119141e+00
-2.457000017166137695e+00 2.610400009155273438e+01 3.361000061035156250e+00
-6.719999909400939941e-01 2.944899940490722656e+01 3.634000062942504883e+00
1.034999966621398926e+00 2.889999961853027344e+01 2.630000114440917969e-01
-2.375000000000000000e+00 2.823100090026855469e+01 -1.299999952316284180e+00
-3.753999948501586914e+00 3.142000007629394531e+01 1.010000035166740417e-01
-8.489999771118164062e-01 3.335300064086914062e+01 -1.393000006675720215e+00
-1.197000026702880859e+00 3.167799949645996094e+01 -4.795000076293945312e+00
2.079999923706054688e+00 2.975799942016601562e+01 -4.497000217437744141e+00
