-3.461 15.612 15.004 105.0
-0.614 14.130 16.996 124.0
-1.434 12.460 20.317 73.0
0.431 13.361 23.483 109.0
2.327 10.077 23.204 48.0
3.400 10.926 19.678 109.0
4.556 14.397 20.729 163.0
6.574 12.807 23.557 114.0
8.371 10.582 21.035 124.0
9.088 13.581 18.809 105.0
10.406 15.789 21.573 124.0
12.424 13.031 23.200 118.0
14.519 12.604 20.066 105.0
14.524 16.373 19.478 163.0
16.162 16.933 22.868 67.0
19.003 14.702 21.571 135.0
19.252 16.908 18.443 105.0
19.598 19.971 20.604 109.0
22.783 18.650 22.139 67.0
24.439 19.236 18.728 91.0
22.260 21.550 16.682 105.0
25.042 22.603 14.296 67.0
26.239 19.086 13.493 48.0
22.709 17.885 12.836 118.0
22.016 20.896 10.599 48.0
25.136 20.169 8.573 114.0
24.246 16.559 8.128 91.0
20.663 17.384 7.156 124.0
21.467 20.100 4.617 124.0
24.237 18.017 3.030 124.0
21.900 15.079 2.674 148.0
19.235 17.357 1.165 124.0
21.671 18.975 -1.283 135.0
23.180 15.659 -2.368 135.0
19.887 13.827 -2.693 73.0
18.029 16.710 -4.332 118.0
20.422 19.076 -6.145 90.0
17.652 21.457 -7.192 109.0
17.480 22.491 -3.553 93.0
21.071 23.707 -3.495 124.0
20.294 25.992 -6.407 109.0
17.775 27.920 -4.262 135.0
20.665 29.225 -2.120 135.0
22.764 31.985 -3.563 91.0
24.878 31.410 -0.316 148.0
25.617 27.810 -1.277 135.0
25.306 27.149 -4.959 135.0
29.102 27.496 -5.409 118.0
29.556 24.269 -3.463 124.0
30.366 21.376 -5.826 135.0
31.407 18.500 -3.530 93.0
30.355 16.982 -0.230 109.0
33.730 17.875 1.266 67.0
33.195 21.509 0.267 109.0
29.745 21.429 1.860 124.0
31.217 19.933 5.061 135.0
33.881 22.678 5.136 67.0
31.462 25.605 4.786 73.0
30.921 27.510 8.028 109.0
28.096 29.481 6.460 91.0
26.274 26.232 5.611 124.0
26.648 25.193 9.282 135.0
25.196 28.591 10.322 135.0
22.141 28.089 8.104 118.0
21.645 24.580 9.487 48.0
21.434 26.159 12.921 105.0
18.939 28.748 11.655 93.0
16.724 26.053 10.109 105.0
16.849 23.625 13.039 124.0
16.343 26.416 15.615 93.0
13.107 27.424 13.872 67.0
11.972 23.808 13.579 124.0
12.660 23.099 17.230 48.0
10.588 26.144 18.273 67.0
7.699 24.852 16.075 124.0
7.912 21.292 17.375 124.0
7.811 22.381 21.021 135.0
4.483 24.124 20.316 135.0
3.007 20.628 19.694 135.0
0.826 21.838 16.833 48.0
0.051 25.270 18.232 118.0
2.514 26.893 15.866 118.0
0.470 29.451 14.001 109.0
2.550 32.447 14.966 67.0
5.810 30.678 14.179 109.0
4.642 29.573 10.737 124.0
3.369 32.944 9.538 135.0
6.687 34.602 8.798 90.0
8.208 31.379 7.585 124.0
5.444 30.550 5.142 67.0
5.492 34.133 3.883 114.0
9.245 34.250 3.249 73.0
9.332 30.799 1.762 118.0
6.429 31.355 -0.608 67.0
7.176 34.882 -1.713 93.0
10.959 35.444 -1.378 135.0
12.824 32.181 -1.225 118.0
10.343 30.327 -3.449 135.0
10.570 26.911 -1.799 124.0
8.019 24.410 -3.086 90.0
6.204 22.214 -0.570 124.0
7.897 19.285 -2.313 135.0
11.269 20.665 -1.133 141.0
9.904 20.682 2.438 124.0
9.072 17.016 1.906 109.0
12.686 16.423 0.851 135.0
14.152 18.164 3.939 124.0
11.745 16.171 6.084 73.0
13.164 12.981 4.598 109.0
16.666 14.210 5.334 67.0
15.737 15.069 8.949 124.0
14.283 11.627 9.487 124.0
17.298 9.903 7.945 118.0
19.816 11.851 10.063 105.0
17.836 11.340 13.287 124.0
17.747 7.599 12.589 118.0
21.531 7.534 11.960 73.0
22.420 9.605 15.021 148.0
19.815 8.359 17.528 118.0
18.753 4.796 16.688 90.0
17.893 3.878 20.270 48.0
15.535 6.897 20.499 91.0
14.284 6.653 16.938 135.0
12.655 3.262 16.586 48.0
9.687 2.903 14.284 67.0
7.264 4.406 16.724 91.0
9.335 7.575 16.982 67.0
9.937 7.608 13.198 114.0
6.235 7.484 12.637 48.0
5.536 10.250 15.133 67.0
8.234 12.494 13.637 124.0
6.885 11.866 10.162 96.0
3.431 12.980 11.454 135.0
4.905 16.125 13.026 67.0
6.692 17.049 9.831 124.0
3.533 16.298 7.806 109.0
1.604 18.655 10.070 124.0
4.246 21.331 9.437 135.0
3.962 20.843 5.712 148.0
0.149 20.795 5.757 135.0
-0.005 24.074 7.565 91.0
2.583 25.777 5.412 124.0
0.785 24.450 2.303 67.0
-2.457 26.104 3.361 67.0
-0.672 29.449 3.634 135.0
1.035 28.900 0.263 141.0
-2.375 28.231 -1.300 135.0
-3.754 31.420 0.101 109.0
-0.849 33.353 -1.393 124.0
-1.197 31.678 -4.795 48.0
2.080 29.758 -4.497 141.0
